27
992 72
2798 45917 60481 60240 68879 49335 57228 77868 20451 74518 92904 10800 21732 37026 16620 77112 82418 40914 17996 64160 17816 47280 31504 74443 83527 13474 30922 95760 359 11955 95794 42470 14530 6811 76197 61604 50342 16902 55655 58279 27808 4103 41386 92259 53178 37439 30148 41952 20375 2864 31237 10512 72006 30101 96533 37232 18375 68081 17947 37044 92378 54269 35879 26063 3275 14763 68876 75613 28937 56117 56857 94459
280 104
52301 37952 48528 76749 70381 99038 32191 16065 60122 98340 47430 11408 59659 44376 60280 99251 51370 17923 14239 46180 30186 63875 24151 94681 21433 25136 41818 15244 77195 75658 85843 63480 73000 13633 92207 72661 70904 5733 47925 77586 83870 91806 23803 38343 10071 3287 45399 56963 145 33499 46259 47368 99386 30969 23516 50577 34065 37129 95643 8979 83487 49582 80039 41076 24470 90561 91104 92240 35560 4996 70586 89985 83122 17854 50779 25297 6644 7632 94203 96037 78309 93626 12721 58724 91412 97258 33347 89251 8517 36664 22949 55261 29497 63937 2481 34424 26910 19042 82780 58615 3944 70939 31447 5100
303 164
79912 93375 8722 40991 99874 15802 2952 74984 98942 15714 58850 66345 29478 98732 34495 32879 62179 41061 42229 68669 63986 56299 74207 56867 63569 61449 76393 35670 69747 46452 64679 3910 53751 58660 30311 38494 33509 83503 90073 74750 17366 24346 7225 36139 99081 97409 51149 61577 55427 24960 32884 37475 2678 5301 28008 57844 7510 48517 66233 33708 1948 89661 36262 45342 52284 71558 78163 28436 17359 58288 34297 67914 21845 92385 42903 20766 7417 87296 27555 85095 60953 61201 6254 36973 64441 28268 28042 90787 55248 17979 73443 71210 11581 53988 72925 25729 6695 59902 54128 4755 84714 63385 84730 55961 7638 54218 59307 45192 63040 33574 31181 79817 15606 32725 31537 24094 55585 20810 4781 93546 10419 35304 30818 33018 36911 90149 59050 67858 15369 67166 54993 55609 6386 86987 32183 83216 77550 72632 48757 35308 32126 70162 16796 26695 23749 67091 74559 36281 69423 57721 94907 49832 6150 9121 69574 99465 45246 8912 80350 85405 1427 93397 904 91544
874 343
4461 91155 47195 10948 63137 61976 9070 75331 79029 51265 14689 52308 10477 66120 45043 58843 88360 78661 44211 10163 14986 5145 83160 3929 99792 37106 88415 55297 25358 97932 24971 96914 35889 6401 44173 67527 63941 96212 16769 2077 89634 33619 75841 60228 80296 40381 45236 52268 30388 6365 32149 24822 80831 22700 40138 35177 53371 77645 70349 46761 10706 35670 61873 90665 77831 99381 95030 19670 67695 52666 49792 39598 66404 18781 87426 13119 6870 40667 14867 85732 716 1376 79566 12752 84484 70394 15157 7839 65705 20477 99501 23240 27352 16014 20496 89437 40286 83299 25048 62274 19217 33660 29724 48501 39753 50537 41537 40306 4365 56457 61863 43386 68756 69646 75369 36192 91878 64041 74239 8163 21848 2960 8983 149 44850 27243 65398 98081 70011 9890 87639 15554 88200 72916 16510 80348 46917 41462 98183 67137 92104 83197 38884 70899 55626 4765 79211 49953 33359 77421 96852 39447 85153 79601 64775 74577 70653 51412 10798 48243 23398 62969 21861 85167 43123 3580 16783 18569 71442 90439 88307 97417 11921 58407 92506 13210 11958 13986 97321 26046 83766 89504 50986 61877 52880 38844 66860 37259 61804 79014 12727 78292 96770 18057 63316 67269 20179 65513 40908 13799 80949 64261 685 90436 31188 96087 34157 70479 67932 69800 39503 20675 79670 21341 68827 30525 44058 27596 32990 36439 33106 1677 88242 54670 11535 80515 50605 34508 95967 80405 51279 24302 66783 65274 64781 8595 19344 67913 70534 78247 70957 90742 78973 4054 97344 14206 349 67360 86380 16935 64478 83525 29080 71000 18559 88570 25271 41681 39920 6066 3083 50000 62842 95911 27620 50700 20431 20106 8633 90266 86295 43447 53726 49956 50971 46422 19949 53279 4643 46528 46224 50428 19636 52337 80090 6591 79263 83760 96030 22559 3562 88084 93325 64970 9148 10247 59446 47049 7465 37484 40438 126 29497 63070 85281 17568 20926 71139 20429 84893 94840 21626 2893 31998 22994 35616 54171 58974 16111 76828 19793 79271 93633 99735 22571 87180 66773 91369 68838 59515 58885 11276 50962 44282 53558 13399 51645 65842 37687 39667 71029 61908 53107
420 610
29330 30684 67080 82537 94427 48977 77309 18210 71306 88989 89185 99216 44622 45313 95458 36075 90666 57210 77542 40757 43085 64449 56549 90009 67242 39578 71127 53007 2855 90329 19403 18458 14503 40750 3939 75524 73340 20543 91331 889 29638 24741 62225 42730 98838 42794 38645 69107 79285 1096 83168 57287 4961 3102 41291 97240 87288 10225 97509 54349 7259 44497 40122 55445 48088 55214 88641 21816 90041 33614 71247 20748 21871 92686 95699 89475 20182 56867 78263 80542 29614 11064 8389 76111 23501 28146 86399 38655 63939 22668 25270 43481 30979 30046 62164 79987 4696 98975 70844 8841 69630 22750 35708 30445 67576 25947 28508 20081 74651 35850 31941 24250 74022 31608 3510 67183 2836 47952 66049 8229 45762 88223 86485 2288 76040 1338 79283 12978 49330 23930 51572 82293 16079 63965 41913 27174 71032 6508 40518 52629 14074 54711 25152 81527 93000 27213 84093 31310 52846 36890 66946 69753 25758 68875 5958 22513 49209 97213 43399 47528 39638 79404 14248 66101 20648 99518 46629 11313 19811 36158 88184 48965 83265 20660 80822 74992 85240 77911 47122 10406 36767 21848 81863 19386 75948 22534 51652 13637 36011 65951 77995 99623 32095 86068 27453 37136 47666 79033 90228 71614 34417 92270 54237 61049 81997 18589 9307 96549 7103 4389 53739 94666 75590 62305 38797 42753 66059 35352 50027 96118 70740 87384 26064 58844 14154 31461 75209 4718 18726 41189 3350 96013 6046 41130 82425 1722 65219 4408 89638 28740 93676 73287 99645 8029 30852 44594 25153 51277 14217 3594 49388 63063 10089 39058 986 30480 75677 79060 66862 48462 93155 94576 48661 29449 37772 89086 82110 80262 20619 29907 48981 12390 63027 30008 81028 83176 61814 83413 13738 34783 17649 32598 33737 40462 53291 55868 33309 54724 22633 46975 49888 68181 76150 78050 29458 7565 25513 78833 56185 42724 66917 87580 58246 51525 66125 47740 25107 89688 36475 96387 33595 48461 58656 735 99877 29834 53870 67679 79690 70905 32285 20579 60679 28185 79316 30894 43694 325 17658 34020 64563 72827 34292 12917 77661 8054 73334 95539 36290 63444 96707 15205 87872 48797 48203 33198 73166 86341 11700 26960 28569 55858 73181 83797 67209 77106 81471 69637 26357 8749 41947 51731 36017 60086 93680 67594 18854 17151 74496 89793 4743 25174 72322 90695 29368 74942 97361 67124 92549 23876 11978 76831 34550 57871 23582 81345 51684 98016 27440 67309 71304 3058 39231 85545 44727 98510 29040 93258 94013 89361 20828 21536 38053 89677 60182 80697 70435 89814 51643 10813 49662 46676 1830 78914 57726 95996 30325 65848 99264 1756 66626 12821 97295 46072 87137 3960 87299 63575 24616 9887 38223 84919 43293 68304 14944 14571 81394 23503 40034 4388 91011 71617 7891 19279 55878 30126 83896 11174 5519 5255 3789 89512 80766 17055 15910 74198 77063 79022 92415 79425 76458 68183 19906 21388 23076 24824 24071 80547 34668 89754 67037 22960 71979 98846 394 57495 64292 91078 57881 5672 45711 85802 60422 31588 83069 4154 75807 31373 86990 92052 33135 78708 87168 96440 61295 47341 70288 74434 25869 93762 53681 31125 44721 6987 24438 50227 46436 10385 55715 72243 22775 81946 82451 91452 64486 64757 17853 67444 60002 1984 83325 23330 63174 75618 78490 8779 12810 26613 46537 24931 88393 98528 11294 23825 48296 56810 28326 49765 43268 97056 64945 59891 98770 1924 9333 77087 86822 61690 52925 93734 45148 63713 3439 75525 68524 76978 18962 87700 68418 77208 31872 4110 60057 8075 8809 45773 92668 11318 82964 53493 20869 9375 31721 8257 16897 20884 94129 75625 14124 6793 5562 72457 29475 77692 93509 38961 99970 342 12464 80696 71648 16999 6858 43477 12355 18407 69488 59213 17876 53390 77590 76116 91233 70701 49779 30380 99703 97339 77376 69122
671 287
12329 32626 58065 14383 46446 11111 82491 39683 85733 45917 77244 21369 52832 38479 81702 15393 6464 43392 60765 11853 27317 57635 44526 31953 5893 80747 70580 90619 13130 25347 29064 83273 46710 1282 69049 19392 27815 42733 27361 23933 63782 10324 22436 30425 56327 66882 21857 62279 67837 63989 35983 59377 6613 7722 1333 53177 32734 16406 28561 44832 2854 84016 34250 68943 19459 32608 31163 5541 57160 26098 442 32084 13342 80885 61815 84463 56149 23296 94715 70914 95142 36072 99133 45204 50202 89434 93023 80179 64663 32754 86318 20079 16986 90723 51195 25140 76058 64125 14575 86948 82909 46868 77038 90269 72359 27368 7918 50292 56975 35870 83755 17327 38799 22159 87840 39447 61413 69450 37488 33567 84339 11203 5584 78990 95393 64648 96942 4527 36849 66746 15219 92017 99405 55306 83868 40176 52866 38307 75439 47986 64388 4357 74441 56056 34302 6791 475 30472 20131 83103 39886 90787 80191 20856 43165 348 20702 84024 1846 26166 32995 65106 63202 23587 83965 67209 57436 42522 78127 25052 80046 5042 19258 8739 7942 59974 33053 9836 84326 5494 35213 86916 71365 43527 80388 26367 63710 67674 81834 33751 84179 63914 62429 79764 54239 5882 54446 48154 67535 98982 42479 32098 37422 19423 83018 14535 68443 22105 14507 9374 59181 42782 60007 49345 34895 97010 20601 58623 11699 2112 1754 72636 71016 96832 73315 85582 30032 26827 54283 35370 96802 92664 35821 26276 79405 67131 74781 99073 86565 52467 50428 59004 7354 18060 55224 92499 61253 38060 75480 1947 61331 53819 65166 43106 11883 1801 1054 21652 74157 38871 59833 65039 86862 98411 83040 28358 46814 10576 45558 25349 80136 59036 65028 31022 22279 44269 43501 45287 2842 78549 10418 1876 28992 17848 91137 68937 13126
699 597
41841 9084 33121 13360 63137 81509 2225 1603 85770 32945 91952 302 96659 43922 42792 49173 43586 18400 68590 73363 48852 96667 87786 32040 55341 32373 52773 53611 48071 65062 6476 82077 24643 70685 41362 41677 28646 30416 36506 13148 54065 49165 6196 78855 59309 2365 37041 20217 82285 14622 30638 6180 24357 63941 47278 89402 4931 3698 78238 53540 64387 22678 49143 39702 79403 13196 54624 82092 49708 31659 93131 47923 43959 28822 2742 29555 20354 93497 68664 164 16386 34823 25287 61726 85252 74848 56058 47286 56265 16302 44642 68182 16439 4859 88517 40651 78256 24208 43919 27470 74573 82546 84660 21842 93702 25987 29615 3295 71070 75042 7073 91064 61829 63989 44183 91967 93657 67021 1473 28292 70760 13040 89959 50792 72615 96131 22545 29959 1376 67655 75857 35809 33365 80851 24497 23430 42615 3401 43185 42310 10345 44840 62941 13391 56677 92660 9251 60098 98599 46494 76626 15421 91736 18653 66434 66389 83035 97395 20465 32241 51785 48710 93129 11317 67571 2080 69811 76750 43099 22808 45175 27340 91734 10244 50941 52759 23019 98669 97902 41128 13743 81049 52038 61679 54513 76882 97485 38012 37925 33743 57439 87628 70814 87414 75931 69949 68261 62237 21278 22469 26855 69850 99883 92440 48736 97577 23701 22538 44873 2822 24575 73979 33949 92748 45143 2259 71239 17570 8810 57815 15558 35633 70867 66848 66695 257 81320 14747 21937 77202 2379 93386 13385 80397 39482 13401 28734 60471 29292 85488 2774 14300 5173 89054 55623 3988 70456 21913 24466 41364 99591 5864 2261 39360 83755 85741 95981 56060 12520 36454 7214 96230 36083 83835 35328 74275 57748 73797 28791 87279 48413 60341 61177 36924 86892 59258 50709 20485 13450 70267 63025 1337 4300 62880 81708 83581 630 31856 73539 28631 45902 33669 36277 70269 46613 41341 99277 6910 24469 322 55056 89246 91023 85322 39579 29067 64 56267 92534 5029 26591 93720 27171 68809 91138 66721 10067 17363 40084 51050 64647 79377 10240 93886 14765 78821 23869 25050 30216 11431 51813 96074 31198 93692 26617 62293 50969 40290 30337 76237 74256 89223 11789 47287 8579 34433 42568 58671 53684 68331 24170 83821 46333 30783 71913 63152 82308 82367 4313 89646 52393 36382 66357 43497 81471 63698 59675 52793 31958 9289 79027 95188 28850 90373 31259 1813 41604 44058 19360 25462 44507 2979 6766 53603 62787 57633 73228 66756 16855 70015 16795 51294 11889 17661 53848 19436 62971 47619 34755 96531 64416 73916 89838 99530 67562 12572 57389 29805 73576 28663 20950 79023 16023 74626 25426 97027 97006 8654 89470 58056 96910 62930 47750 74156 13944 67759 9000 48716 49722 11734 8767 16935 49065 88304 43579 51577 42888 86331 26039 99653 8295 17796 26819 34970 94060 7932 64300 32352 92890 24974 9557 1128 44225 20226 45393 45911 67508 85903 29970 90295 39354 71266 94371 51948 82575 90658 15 72771 98851 96327 40002 45841 82660 2944 92529 60720 65892 16114 23064 57539 5319 10699 96025 29411 3209 46744 34636 64893 661 90003 84349 96594 6225 32885 63428 58750 12175 44809 6901 94387 77597 94176 6086 58097 31371 69591 67213 70095 77303 73656 19859 97539 92364 89043 39453 72412 72504 73105 35131 95224 29456 72127 4130 7042 93748 62844 88120 24392 40544 36325 69866 47228 18499 512 64445 69910 25785 36935 83187 21883 43954 8286 97854 95407 12429 35693 30037 37801 46016 6376 71965 53996 43774 16710 40997 78732 81113 45086 7010 14249 44662 76499 1183 31214 61748 41221 80391 76361 30960 45015 14604 70632 12790 95058 10442 10060 19102 8615 21164 96223 60348 13173 38840 23420 86602 90717 76557 88206 1290 21481 29825 10384 40064 8985 5886 52751 30309
354 459
60764 15966 82880 22991 36021 75368 641 94986 14212 88914 60949 17562 17685 21731 57548 83537 28574 82182 29296 19343 51889 92490 29498 3929 59356 27633 10885 23261 82835 29197 69448 11337 56892 2668 54376 4416 99765 85304 90552 75559 41852 88142 89449 94267 33335 17304 11482 22226 35206 59422 17507 3753 66761 43485 23303 7508 64857 79489 92625 10009 58081 55318 22020 2919 61010 14109 35670 69922 41300 66580 68300 13572 23189 72256 47423 5427 17683 15637 86905 63164 45927 76369 40445 28165 26206 59200 6165 39148 32616 55121 46284 83324 92994 34679 31934 68048 52658 62735 98601 14477 37315 47969 8449 96498 4427 80454 82171 67940 3825 23504 94254 27419 13031 55349 36245 23988 66200 64319 38389 91712 97131 16160 95206 56418 93689 33920 792 7982 38510 31165 74414 43302 21199 59561 52660 5879 4701 58921 83090 60310 48104 15623 27351 2766 38816 82329 6789 2100 94756 30674 79596 70333 58181 93977 85147 61238 49696 48636 355 72335 54667 37117 15705 56774 29844 48314 80460 53998 90548 98271 45810 31530 3618 421 62718 30263 20145 10902 80353 39455 73349 94261 17383 87377 93807 68735 38385 11778 76719 44764 42947 65570 65895 48693 62980 22049 42326 74315 14997 79861 72027 94657 93391 50434 74383 31274 9715 21389 23376 51769 30410 78673 42643 73023 8995 69210 46585 50192 40574 23487 17425 89026 72285 93490 38291 59978 33980 37994 78447 18363 7896 9091 65924 47367 81469 56508 38440 64867 15114 48980 73668 24384 11926 92127 18170 57093 11968 33622 10960 30668 91885 125 72388 8887 79645 51244 74188 56683 40061 4196 37920 33773 23236 74347 72249 99060 10913 99937 18854 50739 65840 24388 36296 19819 52085 35974 1472 1652 12097 21380 95137 58684 85816 27440 29136 80631 71690 52010 74982 40768 61365 36663 21958 21852 32228 28858 7507 98316 95964 63369 40111 17667 81335 15360 29204 95040 98165 9446 72880 31173 79598 59704 97852 1626 84665 30871 74156 4889 11792 78358 87374 64574 27890 15950 14571 92114 78699 40539 68514 81325 77569 29080 16251 76387 99839 11588 38968 54813 54105 42380 53476 40384 2846 21040 38298 77151 54510 3751 77969 76023 41904 20636 96067 30864 49831 61723 77677 28249 61481 32976 22928 86627 98758 47571 17532 52621 14720 14418 60829 82718 84884 454 38914 81823 54967 49824 29766 48811 98047 15149 11567 27246 33735 93031 13235 30824 54161 99770 21442 24079 20976 23320 39453 49259 21097 10835 33995 78115 86426 64676 44226 97216 69794 70243 11268 70749 64142 42008 13409 53821 12538 55128 78460 76187 98688 82101 50543 46643 10924 52453 25712 1307 15657 62716 15696 95015 19890 8857 36143 15639 96409 75913 62625 36654 24022 57180 18488 40645 32525 88145 64521 53152 80790 91987 54738 9194 43311 39667 23924 78807 74416 72085 6889 72678 16733 99020 81238 22186 20684
523 486
48005 6670 5996 32338 3294 30264 46326 78220 11374 91746 2984 47915 78154 17908 96574 91597 71393 65436 6494 532 23731 51369 70119 30029 9928 59966 63836 83319 54801 14187 10234 25850 69582 93110 97809 78817 25466 96844 99455 95354 63207 46923 93884 79285 98502 12956 12750 45731 29074 84825 78668 63982 10167 56605 57100 94807 2297 17424 22646 73935 49708 56018 64140 74981 28768 30427 80769 67927 33155 75033 58610 63131 8134 45771 17165 64485 22004 19922 82429 52082 55959 63417 5171 87979 82868 71446 72731 78362 89560 33052 54173 85585 45075 92233 91627 76862 35184 83139 27537 39621 21526 18117 60926 88672 77561 40199 75165 97832 41346 12616 80274 70072 624 99443 11787 53317 68915 15291 11709 67099 25386 21739 85890 51614 17922 86397 50711 90891 54545 77509 12835 83535 27045 14074 84276 18440 56894 10217 77319 27839 81736 42779 93123 16379 33736 7850 56042 7464 51190 60310 42301 30423 20124 50939 96243 35458 88555 53265 2500 19556 73205 48872 31267 26418 2284 54144 50419 93386 20453 58463 38545 194 97861 2061 52979 34141 89334 44872 55602 9849 10943 26995 26776 73544 57799 89800 58944 32005 86145 87011 36272 26252 21945 10141 45025 16836 48121 56451 42426 11483 31791 18055 1773 84391 47276 4138 3193 3030 33885 45901 38671 90732 12037 76197 5252 81300 93152 72516 85450 13850 73156 77424 12609 75401 61313 15007 77886 74718 60953 38431 62962 86951 48935 35919 72607 65236 96128 46905 89618 50672 66139 88927 46112 92227 26964 3237 30021 48471 44285 71947 60172 3299 23307 87537 30040 57438 23546 40051 57982 43165 1295 72488 82453 34292 65513 88550 31928 29784 54518 44100 30099 83821 2675 63840 6034 76741 47266 70350 71198 45684 6207 83416 31263 31962 20917 94246 79635 2249 37339 68688 64315 39379 5640 19346 69588 12097 4355 96787 29127 49548 65834 75203 7833 92778 33904 37816 87747 89766 55187 53629 5613 61298 44976 65435 11283 2223 91961 20695 98416 31537 38723 81515 70774 39777 4781 16346 10192 87507 52375 75624 93640 96358 25081 57755 36285 92102 49107 53959 81467 37671 65141 627 79251 67360 1317 81134 58685 33427 43786 11314 37390 56416 50103 48874 93356 7587 5804 26180 79785 96731 23042 64954 73426 89093 26522 29597 93511 14434 52989 73724 40448 48571 5910 23638 3751 83968 68257 8644 89384 49078 30817 67976 31892 10527 54875 54685 32290 62666 42260 63668 12679 14742 79763 35308 20293 15255 40045 35821 94618 15118 53634 73387 59271 63466 92303 18680 29766 5922 11653 4298 69840 43618 39558 41281 975 14392 96316 70520 94711 21934 8406 83839 20721 93364 10247 93124 35104 24978 1707 57380 35923 64945 14788 22273 91448 41912 94197 38439 38850 41901 6455 5898 49485 91580 96270 49100 88487 7278 44535 32681 2489 45317 67497 83173 81881 80401 65967 59651 61083 61797 82232 66480 48321 36840 71463 15490 17457 64691 4487 32031 74835 37087 16031 14629 93397 22067 90736 34974 68024 99245 13645 13372 53434 663 99246 79149
748 817
19056 10255 27148 45296 26312 89995 46424 15804 75939 48396 85026 67029 8343 36278 87867 82885 78195 61793 33872 11966 68172 69091 98415 98366 50376 51349 5983 13307 69571 12454 76598 84783 35618 84323 83462 64217 37235 89267 28927 51200 44827 22326 19426 84594 75936 4842 71370 38174 32129 48820 21468 24690 19767 3219 50670 69111 28811 1935 90399 56574 43331 84844 74624 74231 42843 74054 76950 28699 27718 76306 31658 49759 66064 29089 38594 86590 49432 18706 72263 91819 92100 58585 46400 84608 69038 20782 51330 81799 24636 58570 41188 83408 32642 89362 86242 53807 29555 46425 97542 74386 33614 85357 16810 22324 26316 16875 88331 28045 18528 85584 26075 12602 71085 47152 80693 22092 85106 78815 41622 58081 88517 72928 67333 62072 32444 50140 45725 69736 27470 93159 27055 4928 49688 58404 89386 1166 53490 7119 36603 38678 78371 13649 68491 35992 74964 71426 84368 85775 83180 26268 21675 34766 82150 45792 9295 83482 87947 10152 93290 51988 89761 80709 12983 2947 53087 7574 17836 3418 68093 38547 35521 7882 36409 74119 32 34250 64978 41691 60912 40692 43457 69497 38856 53702 43700 56930 48802 41676 92826 82073 46494 21329 64008 37341 67545 18104 86927 31673 82796 53618 13024 9368 46263 74951 29150 81148 27397 6039 77509 35485 55675 12595 61952 28640 19695 74264 58390 47921 50111 79814 30001 94774 27860 71686 65820 39559 36890 76945 52609 94422 34339 60323 63097 38563 86227 71170 62399 78141 8494 55222 13369 82952 20873 65731 32735 3312 73864 9051 28565 79935 78380 79202 79626 64496 50733 69087 37830 63712 35 38875 63464 69394 39531 2827 81413 54407 77548 11566 79054 69598 42541 57565 31935 70333 76695 53131 59827 47898 2590 1265 33357 23915 5415 95949 60012 64154 83386 52789 29466 75039 34417 46639 38505 4826 52878 73069 16692 57291 99084 36121 89359 73739 53798 91522 79901 93430 84981 48522 2061 530 26398 58354 90590 96343 16179 77373 2946 10647 64998 45324 77971 19281 36596 34746 91322 83452 34350 7078 35764 51994 84079 40545 80653 87424 66378 82034 68174 94493 11373 64774 16664 10220 97256 37414 32413 54366 36576 5877 2682 99340 41255 36965 24617 92235 36345 73117 94156 77800 90355 86596 31333 2970 87402 41884 64244 39179 76487 50434 34282 21469 31418 65656 45508 87232 16520 65540 1337 38615 34039 43712 89738 86703 41251 41373 6000 46266 25796 57314 92017 72184 26306 16945 34767 30831 24469 9578 21581 95175 36300 63371 65230 6171 73347 90573 98136 99130 92864 49773 70739 80802 89027 77285 26591 90210 71898 30634 68941 72750 45633 36915 59550 5165 12945 88660 12460 95786 93319 63240 71657 71536 38633 53223 8169 45140 59502 61612 2913 6194 94468 54550 55409 28764 75617 67477 21748 19943 81485 85968 70283 25511 69485 91308 9963 10637 52008 10687 69406 2585 79940 64349 14495 11492 49279 51820 31733 81246 68222 9416 37496 85021 5052 98054 73172 87250 97053 99039 71712 16076 52054 1406 67792 9822 23352 71012 17320 83029 26141 79055 73912 28438 59675 92943 81308 90768 75678 80682 85164 3780 3290 39329 15396 56247 74061 62918 93304 89561 53056 11587 69286 99560 10348 6348 15596 82419 5399 77490 47912 61638 83519 47704 88124 67246 8499 46817 69513 6073 66464 91282 12600 34214 84398 30940 31557 12813 87026 20780 34935 27959 23103 87795 37612 97317 35791 82542 60254 22255 35367 60859 43524 6711 84781 91524 53355 71151 40480 19033 66943 1944 74740 76936 31356 34211 61098 10728 39267 80850 77353 80228 36673 8838 71108 29862 92486 87031 44746 33968 83767 16811 41566 24616 95057 77746 3402 52410 49318 80521 69555 69004 52066 43935 83786 90860 11527 97979 5548 79414 51589 98982 27833 23270 70254 84343 82469 66189 57261 48504 32928 54105 1217 17379 37584 22544 8033 49374 59065 22845 28702 9200 14016 98471 99538 15206 39066 42391 42200 9884 40327 11080 697 33503 2189 13972 49746 34367 22185 70314 29443 13647 51438 1887 67976 21544 2457 30284 46693 18904 29665 33038 16607 39437 58312 23449 11923 75384 4814 54419 56581 61162 9701 98044 83717 26844 59134 53435 85561 15401 12879 97168 37965 84053 17450 86295 33645 95156 95959 80722 71773 75557 90634 88776 44912 26255 53672 40836 82397 34240 5004 1559 90037 70215 22484 59697 8376 93907 27426 86011 4298 82531 65630 92105 62229 94382 32045 40828 49958 35079 14514 3754 85200 86582 81630 14566 20732 28871 85030 86665 23450 70412 80611 60434 56779 38404 63364 28686 44878 17928 56854 36620 47054 42866 97291 65552 44955 16714 87847 59937 98358 65662 9529 8867 80435 28946 20843 68876 59382 99713 91365 59562 5234 88815 35455 38281 30027 90992 59193 27508 74560 57195 1070 36841 26682 19802 56040 43427 6376 41407 35616 65699 3254 8968 10292 92876 11102 70934 71045 46079 78754 60256 33200 5428 7762 19773 96755 80738 79451 88987 1698 91234 13078 61620 49875 52667 67533 31490 40853 77527 89201 43153 34737 3279 15400 18004 16296 38840 17971 85321 31256 51931 26539 91255 32016 16995 64058 27027 73768 39294 18087
345 693
27618 97134 20221 91656 99743 28809 98420 86601 63072 98281 88020 68570 77011 40500 79350 62184 4238 4967 50909 58839 16381 74412 30227 85407 17694 26285 81066 57856 71393 83731 66424 47473 51444 54246 35505 74395 50448 81570 77890 38102 88662 58402 5915 72556 80323 36830 6309 71168 76574 58577 68466 45074 68201 3567 46985 41495 6823 69141 31465 43490 60240 52648 12067 29064 5253 2334 5410 88034 73101 7543 65266 43689 4713 62294 5840 63044 10360 25167 57434 68962 52395 59486 43722 65804 94161 95543 87734 56215 21234 17998 89940 89285 26088 63141 63018 42932 7244 49795 39161 45771 347 83349 77868 73367 70369 96544 37287 67058 82837 42788 29808 71997 37813 82202 64056 11847 86561 62322 9023 88273 74570 10431 25935 62036 52775 85193 14445 39399 55825 17344 11301 57146 94578 55838 12901 64131 55364 98748 3655 28508 3342 85775 21174 21029 17412 46117 49737 68995 74284 51116 54997 82875 90569 30612 29887 97423 21096 51603 81222 61573 95448 86644 60684 21363 23963 10312 84770 81148 13410 81767 63305 44186 24929 14135 76857 31914 85184 31035 74342 59322 49588 41218 57192 5210 99366 71863 44133 51207 76750 42097 53543 89521 26359 30673 93745 42787 62626 42969 70960 26715 43399 7777 77803 4514 8687 38227 62247 767 73148 20362 90030 74205 82757 56296 58604 82774 25119 18824 62524 43403 99356 4039 12633 45815 86686 91029 46066 70249 80779 59359 80110 74478 88680 35696 98525 64705 65847 57402 43152 93440 64211 32343 88006 65030 22641 64656 65398 65904 6244 19002 70471 55317 37709 82644 86610 37289 7934 12241 24017 19148 76230 37533 72511 30382 3010 51828 10081 27152 53763 26473 42054 5305 65254 99573 88810 38201 90590 56757 56606 82437 99035 36159 43604 59720 27886 41364 29209 46996 35014 38090 85470 19617 12174 61095 87311 48508 61683 20357 40891 78799 87800 39723 12189 87848 89800 44788 28501 28577 97606 79652 99190 80894 87269 31554 13447 8422 91943 89369 53316 66138 55167 75141 64244 98968 56264 24396 53635 61823 22063 70039 56196 12503 92432 10895 49448 6811 66648 2057 51804 93087 71389 13110 82105 83152 75427 7117 94242 30474 92202 36872 21956 57831 90121 65872 28414 20069 32589 57045 12683 55642 8558 36485 76152 53188 20613 30524 43876 39878 61252 1091 88299 97948 62196 82890 76571 9607 37094 30530 49512 25513 69205 47790 26125 31502 9124 30448 91862 20787 55134 49612 40906 12792 80246 24267 73018 63413 50393 3480 73443 31228 88455 29631 50969 16658 473 74077 61276 36199 57481 73806 63170 82858 42630 44617 22868 65670 65632 26604 85158 99209 63152 48733 4986 35592 74923 19942 70620 47547 53475 1699 33791 3765 75678 88995 14250 34563 41076 32825 92198 53384 94294 80224 15510 91070 7893 49996 14866 12794 83614 88481 31387 84144 66249 64151 41421 55358 81032 60297 17987 97520 33490 2144 55232 74449 432 68854 2498 98367 2131 69597 77407 16396 22201 99213 34411 59549 50261 18906 23845 5615 46784 90299 21850 98240 749 63839 98581 77364 27678 18696 42975 46539 60350 26864 15948 66584 23266 40532 59288 70803 53050 35707 15251 49748 99911 55081 3402 38279 81726 70607 84537 45059 13233 18848 4620 8326 23626 17179 97985 41490 42358 23994 43960 44791 38789 51514 44411 33897 71472 58500 18172 90814 45100 4484 24861 4452 41150 48006 60118 99665 23059 98878 71299 4319 69533 47260 51933 14951 97358 92093 17702 5824 74125 46493 55411 38873 52601 40076 54270 33368 100 10977 72447 56922 81255 34785 62119 42203 55597 90535 42686 17112 40402 79018 40715 92282 72154 85400 93447 79812 416 30651 4753 88358 54962 19636 66230 19109 30245 87342 57680 75287 50959 87608 73447 5922 18960 79728 19554 53699 72479 49734 16201 70520 74587 29848 7450 73191 76672 57322 39484 94169 89696 77395 95899 9531 50697 14681 26783 32543 19630 34923 80206 63632 29569 2324 28489 11124 31081 85820 16974 35045 97801 18189 48253 6501 93248 40764 85012 28333 63136 68369 1532 24749 81079 32949 77454 87375 44330 55432 75977 29789 51700 62536 88876 95730 6408 74863 25813 3165 5428 92850 92878 56825 7080 91234 98426 98682 37929 63614 3097 58786 9705 15227 65251 78479 55512 59076 85735 93479 82749 79232 44160 50800 96856 45804 74873 25862 2360 28497 23159 22664 49033
418 881
44905 16566 90596 52816 48241 47418 52754 54886 59762 33164 48319 5755 26167 88647 19849 61691 48070 68221 50268 7589 83171 78154 77684 60799 95418 57210 23826 31577 58843 42802 47828 90794 88486 54924 75419 24968 19045 45038 29534 22671 13282 24676 84465 8308 50228 79644 18783 89981 53801 21468 74280 58643 77337 35867 32914 21673 65515 10727 21327 18698 28651 7890 30995 32298 50961 68154 71412 95577 37305 77979 29064 95128 42571 40579 83957 4713 6299 76560 8324 67752 48545 99466 16805 28822 59565 15600 24940 3194 6396 94327 68464 1727 69623 20301 57535 94055 49782 97541 26777 16555 34399 40507 37034 57041 43500 74458 85917 99230 36006 81307 61224 8871 3650 40617 95657 39161 43946 8975 71398 95835 65277 51185 51197 44474 14928 12096 37392 2919 8311 80930 59048 50016 75044 95411 1443 76944 93104 89431 3136 92255 69558 93354 31426 43434 26946 99564 59837 59237 32601 29538 12901 32337 45899 75873 65316 21036 3782 31831 45130 86569 49151 44584 35762 38691 41753 47236 16575 13319 21301 96762 79093 73567 17046 56786 80197 31084 64888 67014 94683 61491 9225 90631 13973 4412 83212 35596 86965 94457 88946 35306 73750 4741 32817 48992 79566 67543 65991 81892 52654 82168 67409 49470 58829 81421 52797 1963 77308 40909 78090 76445 93934 16211 62949 14809 18587 19695 63893 49954 16425 91781 40392 84104 61517 12630 50983 87353 96837 11976 13579 13229 97721 70593 97432 10407 92774 34694 33695 40449 12649 97732 72317 55159 33675 70545 61271 39065 42097 58400 95026 1372 60907 57099 16601 33671 79323 82614 66567 92362 18313 70891 15442 60443 64229 68388 91049 93918 81439 97111 19811 71819 28985 75482 24930 94436 66268 3933 11462 43523 36295 40668 85975 93392 98401 14632 91878 76260 53348 86731 8759 56996 92169 35238 15970 8789 63660 84750 74933 70671 21724 5211 70011 96838 7260 20314 27810 66801 23576 7934 42941 42398 56455 28300 26623 1639 45084 60455 54100 11050 35542 13190 62093 67616 99311 58053 24637 62718 82518 36596 63023 67398 60557 11635 10778 97944 97256 62345 84012 57265 77581 98089 55112 92990 32852 51332 34594 33567 39733 92374 55063 69370 50768 25091 98162 59300 53841 67914 36414 97549 66433 80439 17428 79359 87428 89781 14063 14550 29172 80841 95001 71047 3508 18351 66847 15906 86199 21515 37696 78850 72509 42031 56196 58864 6883 7551 20466 31633 74743 72476 64871 1879 87927 30597 86274 78254 17951 3923 63421 48732 57051 59589 32052 10581 66841 30745 75983 23671 63460 62965 67501 99322 53024 18801 86931 62402 58366 74643 60597 84645 96598 51344 58136 18490 25406 42648 26917 70372 91375 87176 37579 17482 24026 48256 34832 32501 1110 43554 31071 7630 73058 62866 96295 59628 51322 88631 41535 5165 45035 87674 5499 81351 39864 79730 65014 65837 30472 84175 61780 45599 86101 26223 11058 34904 5959 26176 37237 29972 710 46854 23073 69170 48766 69846 73742 50593 25874 77710 66405 30510 28790 67844 17124 325 72827 19948 1628 48453 37129 64795 13546 75885 51634 30804 40643 87178 41933 58729 4196 54943 63840 56353 24092 21499 67260 32645 91426 80545 80756 18936 5200 91135 83269 5497 81077 10987 76262 65798 92585 97780 97736 32293 69620 2004 99800 60727 67889 28310 69175 60414 81225 73506 91059 1040 95992 34542 72146 63596 44490 48429 34287 11855 89332 93717 75216 23903 4652 60135 60941 85533 14902 28364 98042 85816 98163 50544 78777 65399 30254 12650 12206 62392 89743 98444 31152 30897 57580 46846 64259 77596 25036 32145 65882 13089 11621 97414 93729 33707 31675 96626 39031 68547 76020 42362 60656 44800 83281 82346 84729 81184 89283 97440 48458 1418 27412 68788 8303 21263 31030 156 33266 10666 91368 24253 34649 90308 93342 55256 67093 23044 7353 91718 21528 71720 91842 41032 56997 12505 84101 10186 2097 51124 81188 63488 72550 97046 26082 54293 89367 36469 11890 76842 21177 87394 74938 68499 63577 63637 34586 58458 45310 27578 38568 46706 57723 31864 65278 89673 97752 99367 89565 93502 48662 25516 94466 93367 65024 32378 96716 6757 47262 39544 9884 76747 30149 25738 17368 57508 44805 88901 27279 11948 57039 50108 64980 87874 8646 12767 402 49248 41020 49763 43060 58520 24251 65561 99780 5291 64235 67687 7604 14771 60206 95737 4693 88701 61481 84204 52614 98288 98676 32828 95323 4702 77791 33725 1839 37504 72458 17541 55933 67803 70639 50226 72154 46600 66002 39423 25206 56242 10829 17149 3145 68497 28895 75248 53279 76559 84416 23697 31968 21642 19737 60062 27686 17207 51662 63338 52748 37467 48811 75633 92698 43973 61986 15898 76448 55462 21954 43019 73457 57386 27903 12117 27469 33998 49551 14547 81770 49880 42840 65995 76700 28533 83401 23912 3233 85052 72933 60686 81072 97249 93014 50517 61233 30119 22853 664 53229 26300 46287 13686 19134 96690 99812 1165 19149 98287 22680 3824 61048 45874 63631 37516 31890 55695 46384 54803 34979 89350 10199 25475 52488 48283 45925 30929 58168 36573 14990 96740 53497 8271 35960 87085 74821 91854 72525 35790 52938 52385 10779 60063 88314 585 30205 96372 19890 55576 69861 26493 66447 85782 39417 9123 3727 4612 9615 72173 97084 8355 86293 68546 83079 31993 24924 73643 68741 64011 2353 58885 6571 86212 79811 92000 78445 44282 18843 41024 7628 37463 45455 65842 87646 51441 73406 66261 70701 91484 34333 57211 27702 24521 65715 9152 6889 34048 16061 20931 77584 61535 1312 85750 6525
28 985
94988 89912 3247 29589 54977 97677 2400 18920 50221 71187 18683 82336 16770 30264 65789 8932 29901 17594 92264 97963 24411 92459 46587 64667 50268 43862 46499 30515 85889 86964 72902 13201 84312 21500 87780 20486 7734 81330 17584 30750 956 99507 47959 44903 41067 29042 69324 44455 50307 75419 40733 96444 64697 91492 48660 29888 44211 23815 92839 58542 24905 2300 71675 52613 97254 4492 38361 20067 25581 76986 93225 82835 93801 60730 92099 69448 77704 14453 39064 41598 71654 70751 13678 2974 72410 35580 17244 98724 65445 22546 86920 21568 14444 15545 90531 5464 3148 62938 26976 23923 92089 32498 2639 40754 40121 38928 34358 4757 50693 45152 8276 67651 7096 72215 84172 83270 79080 2683 31720 23348 34931 2351 91859 64553 11271 25945 60389 68409 80153 75813 66046 33259 60486 88215 17265 67645 32127 63485 50588 14071 10958 86294 54052 36801 12172 31768 71868 39462 22254 58897 69763 93599 33401 36814 91719 97521 26517 45771 92609 76381 91867 46399 34102 20894 25155 42693 6304 63678 26956 70002 50957 670 5859 24881 11371 81040 7252 9017 61784 13093 46392 63708 50253 23864 40763 86971 54249 83311 72510 22970 16447 9141 74866 50769 72577 47498 65 33174 36559 8660 57648 549 57724 11476 32894 32568 83027 60210 31672 61206 6242 23012 48655 12942 58715 52890 65021 36099 953 53700 92226 98751 64071 65360 71539 53209 16257 46505 1886 54053 77652 79126 3726 52901 24695 28742 1178 50338 1827 74002 69964 36938 21955 23930 54054 96635 21425 60281 58836 53690 18610 83154 1930 77616 28760 23583 81893 75005 51511 40403 72289 9735 35848 18762 10394 48019 94962 93959 27397 97026 87787 15406 80622 8831 32395 69740 76027 65353 33810 14143 66911 59126 75933 54692 80649 38599 87816 8894 74829 43069 94717 51149 2597 65744 71863 7188 40946 57018 52846 10172 86998 25460 43568 50430 53534 39343 57209 68502 9742 71170 68703 16336 78667 9506 67566 88414 84953 22958 36232 34782 68585 36978 68807 24171 62705 72372 16285 40668 33175 62436 69445 41388 41875 67615 97619 28677 94687 91391 38758 52743 39431 69552 33166 14684 17240 26838 87128 80226 92892 65533 97309 62354 64616 12855 29819 63242 11696 85001 36252 22552 14685 66203 11840 2543 14963 8546 97616 76444 18144 56715 96084 9810 43228 51774 28357 50004 52653 15542 97029 30860 28861 63023 9815 22050 72572 42661 40147 7461 21142 23276 99281 68689 98131 87749 77382 66708 83396 1433 74726 39588 99985 66441 70339 35683 41322 10461 35977 16018 16693 29225 6384 37069 54890 75447 30626 2800 20522 83711 56866 39877 13070 80855 19896 44605 41446 71288 17867 19008 81864 35842 41932 72035 27967 5130 27534 51800 34914 27078 26406 70084 86928 24970 78459 47231 76438 73813 91868 93667 84186 75579 11433 4223 27862 38242 61889 56634 73861 4990 82832 14883 62058 48732 45472 90 26901 90602 37360 85230 5096 63004 67961 63580 27734 54198 40605 32203 84080 32796 75218 19540 56302 56670 33842 71751 18670 44959 77696 78518 94399 44690 51284 68979 82041 75272 77141 91709 46492 49584 78165 95993 2387 72796 39878 98227 46829 95606 89141 23642 29069 86827 67274 62970 61381 28765 6375 54555 54733 95342 59144 5150 57760 41898 42889 38554 84572 5917 90491 17833 31118 39993 16366 27754 11335 25090 81196 63470 99210 75599 94448 27544 37850 92124 17715 58279 47514 54921 24159 94737 67952 84966 7383 24846 96794 59073 17262 87383 20476 93471 73293 30086 87076 23164 20579 65487 19552 60966 2250 9616 34585 71717 73746 1027 89501 36906 68853 57124 56822 35461 74493 49116 99475 51340 21908 11061 76688 13048 87187 95823 70083 58911 41190 75591 46563 31263 56484 20593 56898 6750 32994 1699 71334 59421 17403 96265 82176 35900 83427 71739 29777 59247 27294 14027 21624 14359 28834 80775 47859 37724 13859 20584 78075 98556 92383 86938 4366 62747 27379 7675 12598 28999 73033 16854 88515 6003 21179 81345 24244 66702 50886 17459 40603 80945 323 29309 20746 86266 47174 27781 67381 24717 38854 64259 6163 27959 23234 41072 40927 9127 50841 33928 31403 90583 41439 9283 34530 17961 88011 82845 83147 36495 81080 2407 79157 82894 93863 34634 64006 59934 10663 79003 4996 39223 9015 24653 952 95089 99061 83107 64696 92452 31644 39590 31518 95732 62463 18242 11079 4155 25217 20699 77302 33087 62863 77232 94288 11176 65969 39846 9950 17804 19332 40412 70079 53938 91637 69803 57628 49722 36341 15419 69173 71311 38362 58184 93777 58571 46646 18190 68714 3253 38539 78021 94079 88527 61544 56852 50400 87145 36428 89040 5370 99373 49569 93687 59236 23993 49018 21973 53900 64246 10280 38051 84130 59065 25539 65193 55607 39896 12414 15206 59700 39228 86036 78062 47857 12884 14802 26586 8299 29743 56534 69992 95037 20713 33816 3057 9732 88104 67100 44623 75424 11495 66868 78513 78744 65005 21491 92409 88701 10443 55683 95025 32590 98874 7330 71787 58957 98569 65379 25665 82664 43550 6110 12885 38657 59997 25178 31125 69433 12586 58710 98248 26020 60760 74363 91739 75181 59868 91025 54273 99073 61193 28590 4352 96773 74707 75988 20245 70450 98687 20793 79020 73529 58889 56572 48287 87856 7395 21011 87808 2409 21948 73016 6026 5201 28591 62993 41054 56848 37574 41614 26328 31913 49551 9968 91915 51521 49816 30672 98528 29524 93270 20512 30154 74994 80479 37651 81674 261 60503 73840 40903 96143 28686 8249 41153 28593 80379 56049 37942 79088 51082 92016 56607 5243 46798 41099 66204 10937 33215 57754 679 30226 51299 34303 98697 2451 34484 46247 29497 83799 64897 45220 86822 91283 64517 67132 3989 73741 29642 59831 6455 68396 83555 70886 80066 10712 86158 8877 15492 28750 58103 7095 32165 99548 55725 99384 51843 6259 86173 58563 94901 18451 94332 7040 66341 69549 23506 92080 37675 59670 22787 95818 89535 83008 93036 59646 9123 13758 26996 24004 87121 28697 73091 49045 70632 81672 66028 64088 95250 5686 95235 33044 20095 60446 60329 37131 92734 56412 7381 58494 34619 62136 34166 28412 37811 55914 79852 31074 27663 77013 42759 99370 90118 5886
147 663
58948 38973 9005 38077 95675 20442 66401 54035 64356 57946 46376 19455 57593 91746 35420 67499 2952 80762 30923 57530 90624 67278 28912 61808 61172 36694 65987 82249 50079 19045 41443 52070 57837 65993 72210 93826 74200 78218 92667 74063 84505 57224 51791 49896 67598 37041 55727 30526 98502 21998 88356 26976 66064 72354 92386 8942 86381 20380 18182 19899 87298 46395 2683 8324 70888 22024 27821 45498 5467 33547 64333 56682 41991 98564 55812 82183 12657 45441 41725 94880 72262 20776 30036 10767 56261 47761 44039 70516 5643 68660 98607 82121 29716 19163 62656 62628 8188 56327 49387 47022 15151 63879 33965 3643 59771 69399 2214 5313 15434 43409 37156 59893 11757 33865 8061 2058 22785 17981 17585 46974 93581 18317 49605 30186 28892 56459 45606 57427 77162 28214 28986 14862 60707 46174 14816 69162 82423 61963 97121 88580 27174 81301 499 9474 98412 64794 23249 85779 4286 24694 5727 32771 6098 94550 38919 79607 94816 84452 88593 15082 40841 70312 27306 27365 83352 30275 25815 64384 55277 89858 98123 37195 59532 85403 54915 16306 74939 52038 81736 63791 46441 47889 30549 91224 87924 89896 12722 59740 24647 18835 26155 88272 12883 28614 25594 98695 12108 33888 89627 88214 25702 94376 9 10068 77888 68581 98506 77968 23947 55207 21459 81290 47120 47943 19328 14792 52012 44551 24398 90674 86725 2676 34272 15025 83406 88265 90548 56251 64926 79049 58943 15542 9500 67340 65045 25853 81777 26689 47931 57836 23140 16429 3472 26776 53754 66821 10433 44853 96887 98236 94261 93942 49778 72312 71483 15584 12077 92374 56866 33777 62473 99552 19330 24505 67066 64952 8156 3774 20753 84233 79507 10804 24855 53431 4131 11040 36411 60590 62623 38864 78279 11394 56649 45340 38610 40714 60031 60555 93087 68363 21418 73305 92330 95190 36467 86929 96251 27190 30481 72287 61112 71615 16611 47008 97141 95175 86424 91393 48650 86890 5441 61432 28413 30523 54746 74837 9523 42558 67931 84028 41157 10346 93720 73056 90107 89286 65272 56968 75185 22364 1127 44089 25708 69341 47871 83015 79746 51224 5608 39095 97270 10856 486 31724 16169 89452 62907 99668 14728 26340 19031 72527 91532 48573 64404 28477 50372 55759 33146 10717 29870 84145 85904 25194 23596 73847 40180 62602 2535 9111 79366 36589 71395 68068 44355 78622 44790 99144 67406 62416 34509 48681 79670 7237 55961 40287 62104 28834 68827 9970 81267 75992 59293 70992 22136 9566 68985 91755 73801 9328 98369 7942 40983 18721 79837 59345 21852 43752 50906 16576 20986 37537 54116 36953 17661 67471 30052 87518 70435 15304 33257 69601 306 99953 38459 33686 34024 48169 47942 73291 49500 29109 96086 63755 96233 71201 12849 99660 91053 34649 44353 21209 82889 79296 80800 65692 4501 5285 59949 87564 48653 45709 36672 50635 24334 99463 97202 23531 70563 24339 25514 51870 40600 53640 35963 2472 64224 22499 25597 6624 48190 42682 19827 82088 78853 68229 97473 38508 61285 6263 79485 57795 7390 92700 79787 11236 80387 37340 72080 38488 95438 2181 11583 20838 44750 55359 14802 77566 3785 32011 52888 41094 64425 2559 66979 67870 90124 81275 14496 90574 95276 4936 43546 43199 35297 73831 8091 4669 51920 39008 75276 82376 81695 19376 819 50020 55198 18299 47229 3311 96823 83334 33862 226 95345 916 66945 89941 8837 63330 89852 50494 23336 18060 63074 67399 79037 18441 86413 45868 70892 62629 5808 60838 12558 57603 24542 33938 32251 4601 6300 32923 59453 22914 69093 62071 84621 73039 77779 55192 79407 70741 71360 57422 35131 90432 75722 16682 44754 42882 34063 48979 27328 23966 28136 11142 48931 36560 90075 96283 88106 16542 13270 55673 87622 41501 72053 32984 6908 92005 66672 63831 10073 50558 76360 86716 85556 90996 97649 89415 12070 79169 80794 41461 10458 78159 58867 54471 91995 21556 34327 56405 10323 23910 53268 87791 94831 96222 60324 99840 61836 6546 63792 23863 91838 12508 21884 14859 26759 91433 95532 56860 29129 49875 60704 15087 65911 54242 38664 47394 6722 95035 56181 37889 56673 79786 82859 40064 18897 71792 95375 41960 66840
801 651
6103 93375 22941 94669 58948 45465 85654 74506 60619 82521 96263 94985 67493 19849 8713 33480 58389 39038 98849 72136 73605 19449 47747 29418 11876 73678 29296 78320 44384 28842 40162 20067 19901 47310 20751 39358 72398 21938 31141 61761 89911 77876 81569 8234 32240 1375 74335 46341 70641 37971 79714 6509 29582 17427 86381 8885 34416 76154 89135 88099 34005 8026 86045 28463 35967 83449 67507 59009 79634 74864 6567 60004 68545 22399 76964 25047 22041 56009 57084 769 11793 89672 31768 96670 20562 28204 61795 75827 10324 59795 44446 19257 76993 93234 45303 7919 24067 13787 52014 15866 98512 51464 77615 32736 23817 32704 29968 16138 18341 92940 24158 11797 53691 86866 50143 57017 55757 72109 54607 30328 28207 92146 67324 49984 93581 54867 95665 26148 73317 58396 10474 50126 46567 75554 94209 57631 53593 7487 41691 53321 65115 40522 99124 77308 9203 76979 79866 36983 20541 8253 28275 15758 47711 72185 48718 36999 38357 89507 5905 36456 26474 58170 44596 92092 24035 9605 32746 9768 67624 82322 86880 17565 63742 99701 8323 24141 45914 26643 53811 12380 61892 80235 44977 95667 15495 33115 36230 74909 11104 3391 29198 38994 39609 7264 27841 17761 54487 90304 62770 20802 84519 83672 15160 62317 12559 44192 23915 8194 19027 16312 92748 83047 57410 10317 63501 95339 75824 10816 98421 78645 16912 70618 14792 5847 67241 15819 31248 8149 2120 36054 77194 81109 37007 65311 62904 28861 30860 51358 31028 41123 69479 42442 9618 32810 11393 23276 38421 73201 98988 19620 8785 65052 33993 69256 44136 98146 513 26337 30886 85503 54219 58212 80924 46808 78004 5733 359 6189 76859 23225 11646 68727 36903 7922 94264 67777 51170 1439 5517 33072 65058 57460 97085 12140 40827 3505 53503 39258 28401 96754 32052 27099 77134 84375 88983 54778 95978 45601 85815 86384 95032 69632 71837 66488 52866 82167 38431 93595 5920 43083 64470 88648 73590 45849 24065 53368 69143 69498 17842 53890 2314 80156 3736 29302 90431 27093 82390 8538 88024 37659 66010 61658 79572 53616 89555 99639 11279 66917 47762 49532 45805 98583 63223 40854 93935 11951 25050 47995 95564 36522 14864 99680 47549 45504 30698 78885 1093 3480 36995 59418 41551 9037 6692 58007 12354 59745 8171 64820 49268 64042 14833 98336 80838 22106 66098 89466 29287 94099 48399 7014 86773 31150 76741 92155 57000 22715 93666 93662 72578 19870 17719 39319 41056 54408 63486 22563 40154 82403 97572 22084 74382 33187 88838 10927 66249 17547 80631 91093 97375 89509 83624 87747 4371 97238 86245 95075 86736 41235 87795 33877 41914 81001 42039 29782 23832 28659 42177 32214 87434 44261 14019 35514 10755 15035 99965 60826 51862 83777 70075 98095 80324 70957 885 12913 12014 7046 62647 64907 60219 89670 97535 31134 44909 582 79772 10115 91261 61791 91533 29742 71311 7535 21259 55779 38531 60290 63039 42358 38920 12021 53470 45356 61150 93769 47041 46086 15161 64169 42829 11107 70197 79105 79383 71838 84651 38360 83589 87230 16948 31441 54759 27793 38368 9834 45014 32925 84225 55226 56329 15346 62023 48926 92059 72802 20713 40300 29665 68413 42523 25231 8882 36462 57159 56008 54419 21067 13819 83636 81255 76604 13254 36580 28909 19559 80021 54038 23415 7726 91566 20510 50640 80683 19949 29520 88358 22775 97397 94839 58724 47864 89855 77389 98289 88864 72174 64723 39104 34758 67959 26023 22602 28314 19769 24931 74947 32345 93270 87973 29360 92355 52291 37495 97372 74307 86516 49322 56049 26236 27391 99077 44878 18134 97216 19622 7235 42452 33748 58728 50277 27444 55950 33157 8445 37279 38219 12146 11151 34273 66048 92932 52828 36652 98282 29191 76951 62692 91995 24108 56905 48234 38290 89229 2602 44947 48764 15264 83977 42025 63384 87653 40086 25741 17682 11526 36250 25554 84083 93091 28419 69459 59209 87689 41656 4486 63614 23246 11015 40736 88374 90983 55328 18022 95164 64003 40080 22176 18106 23110 73171 35355 19235 53347 86602 31256 77020 47108 38224 14778 12655 96123 70420
379 304
69895 98363 75061 25471 64564 47976 21445 89713 32773 82090 4610 83202 75081 41274 83461 42747 76921 4916 14608 95198 24045 9408 48061 75584 66012 1169 87105 90133 89653 1843 36338 90925 59707 64542 71988 44419 46099 12171 85359 61146 42760 79620 70481 81355 59048 67315 56346 52223 60280 42825 53895 26663 31477 7503 74964 64415 6613 13227 3489 16408 45382 51258 29548 92173 2288 62090 76229 41117 69667 61879 86927 38611 90061 40641 40518 91284 97524 17557 36020 58597 30130 71296 14748 35541 8531 28773 35702 30 2073 19735 78667 74417 54751 5879 79360 61532 33979 78162 3933 13154 13795 27841 56036 68043 31766 22381 54211 8808 38887 78849 43200 11840 87812 37919 37843 26859 11845 96778 26021 80815 59720 54533 99591 2545 58928 53754 13118 71983 29283 40466 7754 46098 38006 66984 25707 69325 83700 62587 72224 18519 79101 26386 98962 23513 20454 42629 52055 90366 6131 62494 23305 28401 54186 96428 72311 554 99279 51980 95061 57831 33781 37525 804 42257 59477 39680 8622 53391 16389 90173 39686 76614 10765 69333 21692 83015 55547 12354 49225 14670 35230 4092 9054 38930 50562 22715 26393 16544 61746 60550 66978 73765 65908 69808 83547 56226 64592 17068 32595 65372 34506 23131 30744 89903 17554 8497 14643 72079 39762 92627 32022 63675 69869 20585 85858 44612 39846 96581 52728 50099 97344 77719 93356 49141 46791 42270 68443 34970 45830 8033 57272 36093 15563 7476 10301 80598 19425 13578 18841 35916 32164 23435 66861 77520 65829 46772 43613 63147 74451 37368 3918 25103 38649 88786 37614 75248 95718 92427 46002 83102 75283 50828 4083 34174 64895 40501 23027 62361 2035 41162 38142 97291 19534 14326 76273 72273 38872 62228 58984 49813 64949 50870 72308 51306 80767 58381 84052 42072 82749 34125 48303 95929 61324 4530 21078 15319 10201 81003 82922 99202 18479 30309 35812 76252
818 889
61234 68656 55556 13423 26312 90852 22609 34967 79891 33882 67427 87323 97928 47431 88894 34465 52422 8230 93267 71132 76131 64920 53487 54346 47330 85751 79547 60396 42799 88139 8110 35942 94891 87707 42197 523 68963 91492 11193 95162 11434 66086 71653 12042 18466 9903 70364 38601 87695 73521 32647 57442 10675 27413 77914 17328 4283 16352 97850 96547 96875 28221 33207 14534 33543 47601 65551 45449 80285 63929 74179 67008 30519 69315 32766 77884 46085 72098 51364 14622 81970 16037 10293 46856 84634 86668 70205 13507 60818 27520 90177 30045 89714 92100 7977 493 71213 45133 41505 9966 63296 85181 83923 22763 93226 90133 81036 6958 54127 1590 99053 24906 85371 12044 4047 3892 40496 16555 70146 24397 93631 16810 19595 26548 32529 59251 22254 25958 765 19706 621 51698 29512 42287 65201 48298 40138 51220 34849 91798 27166 98138 81029 91068 67910 69714 80699 65149 67621 99235 44198 82449 69283 84660 67607 85096 87911 28297 31426 35084 52343 66566 36494 97960 70527 64896 85173 79936 3152 93288 1709 43270 35007 66334 31941 10436 16884 28098 76961 62810 69844 69252 45932 26913 37238 19664 6663 44926 35585 78114 56624 69018 73413 25837 15347 19758 87025 10205 98025 36409 36854 5369 82149 28095 26972 51355 62089 60707 8048 21268 9251 73035 36182 10429 97838 9972 81421 99400 66128 61527 13067 74390 63602 57457 61435 55017 67601 59512 24355 94309 24414 92216 49754 65921 88311 31908 23750 69750 19369 58164 18355 46543 14476 78786 73827 71561 61568 33236 3741 74748 25609 30640 89564 10844 85944 44582 84591 53502 40761 8314 60866 92365 54164 79045 13457 7223 70312 65857 82036 89550 64438 19220 92433 84556 82688 18362 2313 36155 9974 5849 64446 74919 82616 50196 31513 36365 51088 3397 17531 47464 38045 87684 91908 22774 87271 39785 53856 39739 91170 64074 12393 26987 87895 45576 42603 74992 43697 16530 62214 89410 56417 18462 15279 51394 35712 2711 1028 1574 25922 55300 20332 5269 37336 86038 6287 69268 97094 64458 34135 39577 57113 86815 3297 41142 37264 87227 31893 18463 15972 30062 82691 87685 67509 50555 82448 79976 58271 88775 64571 32405 36504 2604 26784 19873 84129 57151 57033 60997 61603 70768 19362 12112 11004 38781 44386 531 91903 73201 93242 64034 46603 5761 63180 76218 12667 10836 1006 47606 98844 50249 9567 51297 61121 71435 66673 63802 6340 58021 23839 77535 1916 87412 74483 5733 42440 74596 90910 44826 66081 94156 47241 77160 28789 62137 75935 71992 87829 9236 55285 92331 29275 22793 65309 75437 58802 46562 61026 26286 54970 68988 27172 61803 92720 77933 94157 82116 77595 50309 29545 17604 6585 83793 14062 77176 85573 84375 9791 76353 14222 82712 81916 53762 38640 31664 91874 43146 54901 40756 68718 51897 38112 97203 93595 45924 31668 73011 55785 95402 89630 73347 37226 47043 64301 63500 54676 9668 73772 65464 89099 73306 37758 81142 87197 20520 16743 41186 90173 93346 18279 99022 7838 1583 89286 92106 60437 62912 59840 47851 53239 94318 10765 58757 97180 36852 92856 28166 43414 9736 90867 21466 21962 25107 75206 950 24979 37703 81954 66147 52122 19963 72541 13923 7940 73213 28821 83058 97648 20537 62577 99909 62344 75290 33741 65161 41119 85819 31367 29142 3460 69653 14042 23533 95257 47483 37102 46743 3125 68539 78475 28639 33469 84422 37542 95877 90997 92942 32645 28197 84797 9645 69621 62939 33165 56352 80817 57162 27701 89004 27049 10153 15529 57231 28806 80744 23390 74757 63284 92659 82695 77580 5324 69411 37791 71772 71724 78030 26244 30136 11016 69683 18476 99882 16307 97653 74245 97633 94533 97273 47193 39231 323 79542 15990 23724 52860 98617 28133 21895 3905 48417 27532 25967 93549 10990 6298 38910 71432 9065 5456 1684 27120 77407 89060 50782 26601 99140 55746 33616 12892 4759 65824 7183 948 35917 72674 75037 91788 74744 71278 81821 76084 33159 48612 49310 87775 99372 95732 88569 72820 26194 22459 92532 4747 31075 34819 11358 3378 13258 94501 67673 5731 42967 31146 24178 70872 38171 11312 15419 43309 26807 51703 42256 98636 29839 50382 81941 17449 16753 26039 47669 21146 19467 17652 16570 17528 38552 42360 82743 13393 40683 81477 32068 14929 55155 32973 49910 75350 40886 46337 38360 13271 70999 77274 40742 24241 77468 15200 73273 73369 46987 22560 68381 40024 62087 92523 3764 86372 63930 87452 19906 34367 77729 29234 48018 50034 95578 49599 76803 72979 32935 78595 80982 64694 70447 57040 5639 21208 32795 59473 23416 12838 74283 77848 61975 4983 13254 47702 47341 53035 47876 66881 6747 75181 24599 36984 18591 16534 22161 10366 39913 90089 56676 12282 18739 6040 39295 99570 45205 15679 21247 39960 72067 7200 54458 46652 93077 51922 82795 73012 81272 40113 59097 45321 28715 74288 90866 63603 95599 55786 70255 66724 21180 15896 218 78149 19270 19546 8719 75722 75508 12703 8515 67809 3088 64686 41556 73463 875 71383 94103 16714 35239 4421 72642 92592 33533 10319 82962 3740 42709 59752 34979 97585 28199 94367 90088 54469 79375 53367 50107 48526 98282 96675 41121 82101 8361 79229 49008 1382 4888 50705 58659 47175 72798 75977 28289 42406 11102 84612 26185 75295 6208 64886 53714 56084 26514 51770 51317 12646 93714 32875 89000 61081 46532 89757 29129 24796 57338 2577 16273 75896 59515 14989 68510 65009 10442 59738 89984 12420 75536 85203 51396 92610 58126 47388 29584 58617 67960 67850 19182 75744 71416 32522 34688 65523 99815 90761 34153 10983
407 863
6157 552 58877 93243 93172 23573 46446 22981 29937 13601 130 90681 25383 59217 66054 99583 420 23132 40500 97986 10289 72068 85656 66486 69277 85630 97709 66577 31696 85374 89870 26542 51369 62860 89348 46852 83254 48382 27203 69427 20207 95792 92527 42529 6733 89682 46044 37322 24741 75655 26991 77783 15362 71761 69083 42111 849 4363 78790 42419 96639 25894 1964 42913 68111 98438 19774 983 96772 987 88480 98938 26756 60830 59649 28613 59541 68409 87422 30542 89017 56326 25949 41023 63033 25650 37185 17507 81216 88723 93819 30436 1084 56486 31370 77929 80283 38522 56222 99702 56570 5135 97036 85315 59083 86149 41000 14429 36525 90174 67599 95522 72605 47906 46886 71398 91143 65736 44563 64385 46951 20551 95835 76551 82207 90862 52652 20969 78209 47721 94356 61660 83431 61972 21752 77521 30627 43084 83207 33965 75531 46510 77537 59770 69211 20563 44928 60947 54651 71525 85318 15000 56585 24320 97088 12103 65480 89898 22354 6618 50306 85850 63134 48651 16491 98850 25252 38054 3122 92852 91134 75165 25433 13722 1767 17782 72258 78919 71546 95819 14647 42556 70651 98561 70627 82112 9491 19902 39730 97798 37173 77178 68093 75857 87638 23827 61415 47568 4510 53491 40958 33822 72302 24471 26772 39809 60469 17170 7839 86609 3355 36829 85571 27404 4545 53538 76568 88285 32856 62335 73751 98341 54154 41969 25619 90890 64203 96140 28991 26650 9783 57127 64273 87959 32287 72013 79983 97721 59818 32135 80005 81321 88259 88904 36774 33049 3191 88191 9580 78323 24591 21073 28340 41537 10244 42598 37132 89590 3671 26467 45499 66567 50484 65629 51515 55599 81546 52213 11642 56959 20554 69660 46711 48187 14831 72490 55984 70252 22007 43723 21727 56036 74108 96048 29978 59970 14662 96264 58645 34543 11600 16426 15155 21985 96969 97891 96539 87909 45853 52042 29944 84018 14877 31920 43298 92238 78737 27810 20356 6053 71078 47141 77371 84647 31909 88303 53769 43020 69737 36788 17426 68476 95013 62616 72180 20767 58368 4987 25698 62096 80835 66898 58722 6071 68689 64774 70884 49526 13096 67290 93086 66441 30774 18084 71166 28856 16521 48047 45308 38833 41292 93942 87412 5458 79995 96319 89333 64286 44472 79481 27265 35462 98222 78004 48243 89405 41446 47927 87269 62587 5845 89570 91249 840 20241 11458 33072 22974 8062 50804 78169 45898 50520 34282 14347 69703 60187 65544 72873 35975 63025 81947 77933 48163 11870 3995 80320 66056 11453 47648 97811 14924 82058 96473 46634 99599 38390 67287 30765 97766 81431 3639 63263 26572 15249 86498 18712 85024 89349 15308 90597 71937 69705 38254 89246 5759 72828 83960 47043 30878 46915 35196 15067 95606 85032 63120 28242 16012 98638 5753 48915 66250 67151 58188 24011 41744 45788 78250 65837 27382 65378 76614 93141 4881 52441 57459 67403 64858 73782 25567 59552 55409 91875 85469 90787 57140 46260 45161 44368 7457 35414 39586 58414 6657 10328 91299 73169 74708 5670 43694 20887 16242 14767 34092 61009 8118 20702 22692 74321 21561 16280 87601 60222 24192 29676 71210 80874 57352 16441 58671 37961 58278 94758 72482 37309 62959 54073 85499 52742 91075 49261 11700 30508 19566 77690 40424 12248 94867 17403 84565 65840 73061 93680 17606 40348 86918 34119 34139 14722 60687 46031 79765 73032 14382 47056 37724 64108 92653 52220 90808 97818 2812 60664 18394 64592 81030 85971 88242 88481 84365 80631 16855 886 30789 47843 78357 408 42895 67380 12314 86041 52064 11432 84788 27764 28218 51501 99415 67943 42142 88011 70780 60835 36136 1060 3768 68370 14467 94964 74089 83812 69531 19059 35917 91959 21756 76553 5166 38125 63821 55692 19344 77514 68765 45006 63019 72585 32242 52744 88519 53708 64590 87740 29014 28989 28774 74646 30590 87247 51945 95934 42347 53791 51829 13272 32059 15141 33728 29699 81206 27758 17125 86551 47945 28034 89773 24966 78745 68304 16935 14268 12378 57006 40559 33120 32465 92042 55873 76180 64015 17434 63636 34313 12489 27644 39085 82462 89644 67858 6486 78402 59992 23196 33034 67744 23725 64078 91015 76257 82292 8875 26705 29902 38280 75551 69106 2327 54816 89508 76747 39403 16889 17860 69933 84225 80899 15872 57979 51368 64275 20636 11721 37795 70966 17654 77520 19686 26219 99032 60009 87376 73973 31761 11779 82406 72907 35535 93207 18397 52978 63383 18636 8799 12404 28876 90856 52372 33519 97762 25746 85417 66579 2122 29031 95648 89374 82137 28707 1563 95608 27423 78012 18739 21642 65679 52712 43381 44630 24742 49284 50959 17050 69229 82927 13107 28272 79476 8491 88745 43834 29842 8452 45627 4898 51540 15320 42498 18276 5133 93516 37199 23749 66930 88427 45821 90427 91339 41153 37387 74267 98079 11607 24128 68407 10907 82847 73259 35699 21017 94548 10210 25219 40148 19630 53683 64437 33226 41862 97129 11288 8903 71883 22433 55041 80536 85907 18506 50530 53334 48556 39831 55281 62723 32609 28383 70117 86828 60110 16689 70552 15031 10623 38890 35960 7975 78528 41135 90962 23719 91854 22902 51218 12373 65119 87075 58709 79180 55974 68255 51958 26341 8090 90156 79769 63226 41791 2783 16716 6793 7304 66146 80473 30859 9389 57180 49484 65188 13097 68838 47823 64059 27870 43276 5149 44179 80269 41465 30613 32749 36001 90717 86599 40684 57161 247 58965 34688 47336 57939 86493 48057 70052 8985
657 895
78384 12099 39988 72975 63103 60758 30964 75380 677 76912 95436 17765 56212 26550 49386 60019 2533 99744 18210 41926 20555 79550 73586 2984 40619 69096 19275 64667 47915 87306 71134 88654 30934 50589 96246 13028 84783 9513 25003 14623 60863 82447 77287 6302 67552 62468 88739 41836 68371 44773 83395 54877 95358 24468 99663 33250 77672 50330 99016 19557 60648 91989 37384 65711 85668 65416 41598 8435 10926 96188 74549 25680 64091 58727 97116 21281 62009 2107 21197 44173 46856 43367 32255 20380 66198 34751 22778 66949 5253 95128 39725 77979 86153 42740 22294 66625 14271 63481 19716 2188 82092 96767 32650 17385 77713 18667 72990 55445 95542 93707 25483 40799 92137 18140 65747 92416 71649 28953 23882 80011 75699 26764 78911 69052 16741 37307 5050 17716 8370 71317 74332 60193 23114 22738 91586 43344 72299 87643 19964 77605 88598 28394 54765 88209 59642 94130 36097 89368 53744 7360 97454 69079 52093 84725 4551 48813 16390 49738 77948 51464 8813 36318 39348 7099 60817 63566 39309 48328 99397 61073 36180 56474 6769 1144 42520 84010 82834 94942 243 84568 75165 60210 3849 36269 95625 99804 66885 72886 41989 48434 45052 46723 97529 26309 98083 1621 75573 83473 91975 86854 68341 88008 14490 2023 18929 59388 53422 21316 73836 18701 78558 29347 83831 17433 58464 41752 38228 46388 90169 54933 49650 39244 93359 59990 72965 6017 32194 21329 94922 97791 3825 23504 85130 24817 42820 15454 53999 6357 5789 13043 99483 18587 16565 63615 5911 15437 62232 42066 72823 12848 91344 88288 91488 9492 94717 73512 81658 34249 10668 80567 32857 99408 12649 91644 68152 36774 63671 29432 56149 5976 95208 97143 31690 62234 62936 70860 64698 88483 63926 27856 60238 4289 58791 45566 11144 1397 37880 3455 98950 42454 34479 30421 84268 29702 6726 64335 9741 9363 77300 50868 12722 88010 95492 18996 12633 30371 13795 2902 31706 70606 64630 37191 28305 30376 15398 59425 48636 46514 29045 34127 3534 68543 41055 68538 15798 42251 65802 6438 17823 19691 99853 2470 3696 56929 36356 16319 91287 56146 18015 35979 7743 66059 33881 75970 99917 17285 3988 19582 47476 30506 15483 15878 84963 38651 74579 48344 8441 80332 43033 6813 75747 70238 5489 55966 23783 4182 91399 45786 1909 46328 22424 15364 38385 87011 38079 3537 17513 87467 57748 10083 91551 4558 78608 86596 85960 40712 78035 81043 84564 7750 73813 79075 55578 85985 18694 81356 28597 57482 7540 8310 62083 36866 73114 67195 94222 17187 42719 81210 61384 49285 91818 90994 78063 36322 99971 47605 7931 16715 69912 61800 88751 29907 43179 59680 61 8859 31377 32380 10028 12390 73142 62657 13761 77344 75886 6318 28458 54990 74381 59477 39001 15327 38431 22737 16671 97333 8040 51110 78447 66612 74351 32037 44984 77751 42558 11580 96128 3393 90006 24820 59264 68025 99050 31850 20750 47799 46931 43352 91076 34458 52461 56508 96900 48991 76150 19780 93012 86586 59502 75250 24370 1191 80549 78520 66342 28270 64121 77204 5793 51969 50411 9521 69170 99927 63333 88036 31724 71113 58514 36196 92508 68650 8618 33224 79940 79129 65187 83228 57214 28477 35496 41650 85702 72805 51378 62793 19118 50390 78191 3125 37356 89919 35102 68814 81848 85499 80937 81697 49883 45662 84714 58538 7441 59401 43416 55234 73265 1299 99687 24818 53590 59149 95524 84680 81965 65942 28612 16153 8273 86228 60844 49667 38974 78996 97917 57135 7364 87746 1812 91070 8750 57416 11810 57247 419 60982 12494 68102 95288 79875 68319 83588 32189 67309 97072 25158 88446 46030 71424 13158 61937 15988 25867 79503 80946 87492 37489 54280 21283 30897 42895 85243 23204 36529 25868 47581 93731 74378 13834 48772 83163 54490 19370 72743 5024 70587 27910 52252 30740 97009 54669 76081 93607 27412 51335 12104 42298 83091 36004 30832 20480 13136 17671 81834 29344 19462 77428 27592 45006 84883 44102 53562 27349 17614 15627 66988 49975 6830 55196 89949 33526 98531 38076 99135 67245 55720 28759 45521 31040 35545 82030 17804 75683 47144 37862 94501 25950 70872 21151 69290 53642 68305 42736 79272 46506 62875 47938 16935 60290 92140 51425 92042 27183 21146 67702 37422 68761 75356 2791 87145 38552 15165 4521 5272 37216 7255 6486 38268 140 20689 9189 11748 61925 92879 72260 69496 34602 22023 76257 31662 25576 74736 7696 53802 86036 31339 36637 63393 35752 18832 79686 44407 15872 55804 54258 60739 94602 63741 84696 28824 25434 74121 8077 11378 81845 19714 64118 5348 12364 36142 36584 25990 28434 72684 15040 42532 1139 88594 35124 62900 1368 72154 70106 95870 13353 3224 9344 17511 31262 65835 5278 26249 35344 4822 58206 25748 3783 98047 53498 60499 46596 5719 64831 54790 15679 64079 37838 99261 44166 92105 95087 32878 77666 18454 90783 22727 5384 75480 74253 67534 90797 26010 95599 73509 44845 95096 5509 47256 49706 36497 23277 10349 60503 90680 52015 30195 44668 31148 19546 63872 18771 81619 7365 84005 7765 34807 38436 88136 89465 73463 61316 21975 45550 77155 36816 32231 75285 441 39073 96333 90855 5420 7545 51434 12351 49783 71404 7648 77208 99833 58946 28366 60368 32546 7558 20634 92484 46849 63622 22305 50695 86974 938 56148 77043 18365 83071 53662 60100 34795 65767 42684 7620 30492 59403 27946 38689 8302 19412 50590 63222 88743 49993 41574 945 45677 17 43243 79636 89201 49697 83876 22585 44236 63090 36095 57766 51267 29263 26519 76071 70152 7256 27925 39370 67384 78464 52952 247 45804 13004 59797 84305 29208 40688
226 327
48755 24021 27785 9292 58065 49481 37544 55842 91574 62630 58547 4391 43545 97906 86535 39722 11019 27203 90572 42354 67936 74862 11858 15836 7979 29345 39634 12094 88032 57287 63972 32130 25876 77532 35011 54093 64017 56744 61053 63007 62352 49258 10558 25718 12262 3894 91691 72973 10738 18259 71592 10376 10843 79371 20396 5016 72390 42814 3133 30373 74589 70219 93921 71284 34629 20025 69548 87057 14570 45565 92081 48328 22209 42472 23902 53388 78466 57048 49619 64888 5938 34491 99413 13351 8688 39020 92150 18789 63437 16717 59790 42131 73913 83451 46729 26796 85191 30664 2595 93311 48436 43135 79618 6041 23115 64185 31763 13462 57018 9580 61107 36962 13695 38065 93630 12060 42700 51849 12269 5933 11904 53339 94112 80165 42386 3967 28237 67331 75675 89795 45145 13131 18802 37960 14338 39670 96240 90252 31458 88636 42711 84229 68373 55428 91217 923 9618 88325 60955 38634 26435 46589 96442 68747 53772 83545 46835 8132 13511 7176 61581 74078 7684 24996 25176 77595 55862 69216 39160 60533 33546 33366 51724 61495 35914 33842 84722 77872 32349 65490 45418 27814 85631 16917 84572 30472 24919 59573 90960 18651 70918 52841 72316 87527 96074 5978 83178 78585 95027 26977 80286 77086 80828 27420 93384 4725 65017 45977 66119 72416 47191 31838 64549 42193 44332 89277 65113 24424 13991 73762 84874 61365 45352 76774 84633 72773 76080 50095 95784 65428 70865 5235 18452 26832 41114 76553 39245 76397 96606 99000 67995 27337 61734 53908 44748 48473 10329 71720 75500 14151 50744 57171 16015 92140 6624 74064 19854 24124 92879 53919 65319 16363 14560 36 70235 4832 48087 62614 88916 80982 39519 66604 64847 63961 88030 24474 21543 33244 90350 96443 43011 78000 20643 58226 24542 16857 66991 83554 31335 93565 65920 42325 25553 5974 51112 2928 41088 51749 75297 57029 27933 81669 57830 65726 54631 9412 74157 42481 97651 58348 60723 47070 45665 99547 14876 30546 71510 62509 98445 6957 53394 43440 70921 57211 5345 44713 52418
79 74
65637 63697 79259 70164 1400 40314 35399 54522 68490 45991 871 41874 32106 67550 63875 20516 1377 1797 456 80923 41736 90979 8577 80522 99380 10840 48007 65808 41774 76415 90894 96016 51941 85838 30918 16454 8047 94748 72100 15453 51155 14973 6657 95246 47287 25000 26994 31209 77857 1699 2272 155 799 6837 98275 48874 72075 39085 31507 5209 65496 20245 1559 22210 30144 10662 1663 74097 91384 86440 94003 55369 15467 12592
49 30
13650 46198 75692 79600 85206 75200 5839 31203 51487 26840 89592 93232 65489 9618 41777 64456 4463 6779 98830 30959 73953 48584 89403 57247 50481 27227 76864 27350 31512 89548
661 396
23101 65869 20324 31618 93318 35432 59762 82491 8230 31424 9626 51553 5913 88852 53781 80062 35887 14253 37398 49669 81909 21721 42354 29482 97034 54376 32321 2581 49545 11957 76773 49428 2168 90756 46152 42531 90593 68169 40507 36079 13780 49528 16668 21494 91936 36254 1238 29433 41476 55670 18183 77481 71446 56346 64199 55010 9320 52534 13572 4696 84407 58028 54546 19999 94792 9141 2720 71666 10022 42468 80197 85732 88466 88849 63285 25070 84113 7492 69964 17990 66184 63983 56092 31163 30299 39954 50746 34531 64605 96140 74215 32287 10507 48710 46305 34021 17480 11742 31058 72547 73199 49492 55095 49467 44229 33996 52175 43435 1101 24923 17141 59246 46870 56344 93532 76025 78282 1906 89906 61525 86831 32638 20124 60133 39326 10684 20978 32095 28739 6306 21687 77222 18079 83225 34277 64098 77312 13442 85259 25579 99113 58844 58150 62855 97362 39834 17258 28510 38651 58475 53545 37407 56250 55112 83006 25250 4133 35842 29765 14530 32101 90204 4251 18263 46196 24152 24049 61968 74187 11010 62271 33007 77525 90602 8461 85278 72184 53762 90139 79308 33150 9581 78302 94324 35477 20398 46225 23091 444 82395 42357 72477 34458 16917 97676 62912 17936 72992 33212 84064 1804 14965 11753 43088 66094 30180 75688 21748 13171 87242 93665 95802 75315 41928 41911 90209 2282 98054 82813 4199 34826 16309 64261 62236 38791 77088 52923 66846 46688 96596 92561 6605 44462 80845 26084 14330 4884 83614 98101 90396 60297 87221 96280 25967 83695 79422 13996 68108 72361 86726 66068 27227 84069 16636 81184 96098 80388 4944 52992 52375 50250 92056 96954 69484 62065 45568 8319 25984 26973 54749 10589 21611 85036 57454 44075 14944 14087 54160 84834 80940 54963 46128 53123 28308 70132 33374 61547 32068 30749 27159 15867 25188 69877 61707 91949 62087 5430 34256 93723 25432 11916 55917 55172 27289 85231 29002 19881 82660 96925 79708 62371 82089 6617 51745 97688 99906 80672 76473 10184 82374 97188 63466 54967 43620 2139 93985 79728 76582 5792 97431 21954 11639 1221 97015 93306 3233 58119 16367 37840 5081 35081 98379 93967 67617 2467 12511 91592 27859 58420 66427 39301 51944 5271 57267 76103 25475 32403 36757 36701 98495 88244 58971 13716 11836 88499 72786 43095 93388 10355 78732 25274 20617 83195 55576 99484 88121 14124 36654 48478 54090 43742 73906 88327 37317 37748 65248 19102 76056 46657 81545 28135 6854 37401 55117 76890 62447
180 561
81594 86330 56424 74568 87804 50311 10631 34616 84019 13338 57962 73971 38952 65789 8884 67092 47431 99850 43547 57526 88043 54986 71134 63690 50963 13161 66134 84793 78404 76172 7928 13168 29799 17560 13503 25186 13329 24654 42106 99106 40208 78399 51610 63929 2344 97574 21854 16037 90688 88308 35399 1196 34370 60240 48923 2904 79986 93514 48984 39759 3798 12756 52003 28024 98563 79034 74709 96345 20301 64184 94055 87604 48697 89866 12746 74671 84470 43208 73818 79091 8437 88777 84849 12250 3133 65701 55551 31460 20509 47676 51790 31944 52548 2372 5582 52808 20962 73089 49665 15693 53299 27704 55218 97901 66019 24311 64354 31672 5545 58152 94727 93823 74554 82398 63502 16567 53573 95062 70824 13380 17706 22911 24715 94457 24391 57347 68915 68315 41499 98786 97608 57368 60651 12863 41438 15779 41165 4821 3373 7677 11744 65281 28849 25226 8534 41211 92630 27348 16043 62403 95252 14367 80349 66627 86023 91994 5976 12125 23222 55799 87308 20291 98560 89236 85560 5440 34479 596 63200 24962 76439 12143 5933 87684 24578 56344 5160 45580 7075 47488 78152 20603 93455 99412 49899 62450 7039 25921 99656 84155 3315 25564 98466 6278 3507 78325 16680 5362 39443 37845 93113 31458 91680 80720 99913 6097 65471 22216 59245 34618 82126 77335 95192 66680 78427 18911 43194 85557 71022 96977 20145 67398 10642 29068 33093 56192 2745 82912 77224 58910 32764 92566 78328 58276 56369 35569 83494 68747 68919 20637 64205 72843 15792 43905 65530 30532 75067 80104 17345 14063 43612 79581 35092 51028 63960 84809 61932 94779 49818 84207 35897 41863 65331 24405 63112 68556 8509 50006 48566 15378 63219 28553 86714 80858 66959 80483 98171 38327 9696 71184 28414 74789 14391 45399 98653 44959 73542 14966 58767 49081 95692 48767 69299 90613 65924 51655 97313 53843 18873 86515 88660 66024 3583 53464 84306 36475 42505 65831 38456 64298 95441 88018 9907 60173 21068 31772 68650 80480 79100 56942 70905 99146 963 8758 49858 51921 99513 34112 40061 32910 88693 50131 88324 36308 39192 31986 63385 94164 25941 56279 94900 62084 65225 90401 6825 52017 80513 77674 57480 99316 17623 80775 97149 73083 43717 41814 40087 56618 61638 51371 88242 17793 54448 87026 74595 86165 42503 28525 4185 46168 63563 76156 46203 47581 85772 5038 38249 34142 39401 13308 81335 22776 2170 44303 56015 34853 18234 99052 75146 28059 36570 53708 885 91996 57339 92209 35545 77232 84854 7168 73436 29260 91228 63513 7535 58816 52833 3702 51626 14113 11059 70979 21776 59634 42552 23698 16659 45315 30749 40794 58201 64078 41681 2395 59929 21285 51270 1435 24154 16363 29697 71498 85512 984 48072 20015 13774 43060 60733 48018 3335 62023 55572 63634 98537 50125 57159 37444 32801 12364 63276 83882 84492 84655 22928 70118 4574 32606 4053 67803 87776 23541 96823 20030 63667 64755 33210 5296 188 46910 79107 85007 33786 54929 12897 63822 88068 12714 97820 80859 11567 51026 65126 52817 6451 59059 55146 29317 81381 36606 66503 3190 2951 48426 60385 31042 65607 38780 61913 84757 34469 24460 59463 30454 80806 2868 4505 2935 71556 73297 64897 55981 96091 37255 2201 22387 22599 36375 97585 99713 61248 90232 93248 47113 64894 4351 33088 29952 68390 17183 53837 92084 37661 25907 82610 47070 96814 7010 76681 75025 7304 61083 76140 50455 89021 27552 54932 78225 6561 96730 34243 28334 88376 51286 34738 53034 31234 15855 18950 53337 79744
139 626
8950 23101 33121 55925 2880 14221 90287 32802 68420 87483 3432 96165 23925 92781 24510 21627 67476 11755 62184 61067 17584 48486 34334 93056 65853 87707 59042 20795 37806 80309 2892 74395 71653 20242 17419 52195 75976 63463 56119 64433 61045 51647 37322 95021 72437 9369 70649 78652 32167 84135 95077 4262 20680 90688 68749 19444 15632 21718 9785 90018 76906 86941 56032 92372 42688 74235 44324 11466 32361 21337 48818 35011 80617 60807 60389 52151 20796 39188 32869 41376 56299 92004 60035 60435 23403 30910 62845 84470 10860 78655 70811 63336 15919 19911 20383 4097 45920 8370 63304 21165 50326 29123 665 13240 48066 16180 44996 23723 41353 61314 92782 92474 35336 98462 17021 22033 38596 13074 25128 1732 61769 62506 67837 7744 26946 64773 62550 51790 64679 86410 40543 5836 26880 99377 99083 38931 99251 31831 65830 21518 86198 83392 91956 94824 5897 73413 91589 63769 60766 49605 70824 6430 68685 62493 13513 84858 15763 24471 83247 8440 79035 11837 46755 93930 24346 98818 70710 76410 30103 26567 91182 54630 31820 44357 50030 4776 71346 59126 23195 48603 33660 93589 89802 76935 53502 91764 27400 1316 58880 21856 34899 16793 55799 12187 87308 65231 60225 15842 23176 74072 48039 51217 36826 9829 12967 58625 12003 58519 91884 19188 28985 86746 21730 5242 92011 37380 20893 62418 42386 6437 1952 24688 28237 80715 62401 49859 66351 6355 75320 31740 62106 95153 50007 98143 32748 78772 74510 23947 36577 99283 55570 37881 873 51828 90608 74354 16319 66955 45742 97158 59720 96118 92398 68077 36641 21276 30847 43159 97944 3845 72649 26826 82094 79859 21080 57584 85033 83849 89580 85336 89405 12824 46612 40582 32630 82564 59654 16190 66662 81963 82339 79000 66332 90978 81056 26147 9271 87406 47741 40827 17653 67027 42644 49487 17951 4779 85350 75704 63098 32657 22101 91593 9948 60533 59408 32512 1107 23671 13090 43985 60862 33846 74406 8387 89623 45099 95887 82203 98108 52894 18901 93490 12631 51574 8453 81649 18784 82158 93483 54724 54994 24338 11136 62312 27676 91037 33702 59483 318 47087 45285 16067 85316 68240 38726 844 14360 67403 37017 31898 56870 92546 27022 89452 54388 59354 48790 91300 39963 40229 55668 17348 2843 29310 3812 59 48525 17673 52357 62227 76270 95477 47966 34669 93634 99099 43205 23793 59196 30783 76404 41417 26960 59268 74447 97293 59226 70794 79884 52702 51293 14776 70810 24761 81808 49624 54913 99828 601 97350 33597 3780 53964 58370 33852 29424 71772 17061 67968 96965 80689 3621 37439 93983 86961 32930 95827 61954 9551 65018 91713 9438 28195 91686 89175 40805 94045 87839 13744 15606 65143 74003 60983 23808 75123 62708 85080 74089 77009 36896 28345 65441 4857 29500 21993 96954 1235 10003 20944 61076 6013 15824 62568 92323 5730 64511 85128 9300 24562 20146 77050 50635 79621 85054 2531 20385 86183 92098 35031 28492 74490 53453 90860 4348 55652 36228 58739 6352 90325 63054 99685 11244 29066 48799 14127 14434 79201 69989 9731 66385 59292 11315 63065 3815 88525 35539 119 92862 68549 46232 51740 45398 49347 86439 7837 7438 12394 11245 49978 81296 32183 19541 57490 86095 11495 61014 72331 18168 64863 55085 37157 72042 77891 45486 46749 66618 77136 95201 35124 47189 86390 1164 57043 52853 2994 23594 94699 53233 86238 61902 55224 31027 5470 69063 89982 59467 49925 88892 48575 62407 52367 97539 64554 24572 6126 42896 53894 7885 34778 81670 33265 22853 82543 8956 96540 4588 81742 22852 11264 36357 21463 77522 15427 16738 32231 88524 20926 61860 1789 27261 27223 73218 89844 35337 4149 80854 15129 48740 63442 50585 88747 54483 41091 19303 95655 65772 19590 58709 28143 31930 47391 94940 9758 73393 59646 97821 8627 60232 33613 44219 66439 80523 71463 79656 11438 93552 65686 65251 43520 30898 72799 34038 38885 31752 10760 95091
893 177
23857 74594 8287 10633 87326 3807 37851 6076 47408 85233 1460 57020 45910 70199 65301 32167 44847 50961 90186 79403 1484 42886 94573 69350 62005 41586 53251 1174 23312 35921 45390 14890 86625 4162 5909 13569 60184 10508 55032 13083 71131 35769 64179 8721 5306 84046 143 81748 37663 1031 87946 28966 74303 43301 20362 42603 17100 37191 66795 14635 8012 82411 87978 83288 30541 96427 77971 96913 68722 67793 11373 99019 21604 51031 94075 83116 91650 71302 87748 43257 75713 14898 16394 20482 99920 70487 81916 39469 92708 39818 38183 82815 88833 37331 55053 45708 9008 62547 9026 70477 55103 16266 97109 13783 57438 36434 26713 94585 72662 10806 78763 53886 84790 65927 45372 19680 64475 42064 99355 55283 54069 50295 30052 22890 13708 12076 83955 59934 85236 5030 95747 41164 90557 87720 38859 89463 17413 59464 70137 57194 77964 90881 71178 73365 3975 95330 98569 45588 35406 54313 52486 75412 67164 24634 92617 64944 9179 77522 5662 67375 62422 58103 69509 42318 49427 44785 24933 24796 69928 69779 85474 18950 15515 44169 46302 99245 37998
334 39
91447 39039 97001 18725 51771 84974 50728 84426 72904 27316 39543 68058 14888 41820 21705 42135 38241 60891 25163 90139 47924 63234 91910 57154 11456 82338 74113 65946 57857 26763 68105 49775 68563 53047 15267 16452 12790 34218 60657
