70
1612 1
75321
8549 1
70347
6113 1
73193
6035 2
91573 28294
2931 1
39349
709 1
90257
4757 1
90596
8357 1
53015
4759 1
61939
9592 1
39889
3005 1
62321
668 1
50007
8022 1
45980
2026 2
486 63956
2769 1
11069
9234 2
28813 15062
1834 1
58638
9941 1
29858
8332 2
30249 30046
3985 1
57790
3100 1
89109
7561 1
12981
1540 1
54618
4012 1
94995
5014 1
47843
1015 1
81725
9745 1
68958
1632 2
8877 77198
1080 2
79608 3042
4693 2
80232 50334
9611 1
43793
5399 1
89910
3524 1
16852
9922 1
64093
6756 2
58249 89912
5278 1
85523
5562 1
38106
31 1
81525
8980 1
19127
3225 2
36943 4166
7250 2
42888 46605
5662 1
53058
9156 1
48489
8753 2
81449 19626
9485 1
38909
7542 2
85628 33246
6151 2
37212 13655
659 1
62985
3977 1
66174
9134 3
82551 78146 13392
6033 1
34466
1276 2
60179 90043
9749 1
73080
8184 1
83238
5101 1
5196
6580 2
67781 11889
9868 1
54093
9335 1
20188
7169 1
24940
1870 2
92730 46532
8715 1
16746
6413 2
10539 23107
7606 1
57118
4916 1
19583
8130 2
27833 36435
552 3
38476 45611 82324
4767 2
88103 88543
626 2
46041 56379
1917 1
5726
6850 6
80685 87286 35459 57428 79264 64835
